Enter a year (1950 - 2100):
2001
			        						YEAR:2001
            JANUARY                                     FEBRUARY                                         MARCH                                          APRIL          
   M   T   W   T   F   S   S		       M   T   W   T   F   S   S		       M   T   W   T   F   S   S		       M   T   W   T   F   S   S
   1   2   3   4   5   6   7		                   1   2   3   4		                   1   2   3   4		                               1
   8   9  10  11  12  13  14		       5   6   7   8   9  10  11		       5   6   7   8   9  10  11		       2   3   4   5   6   7   8
  15  16  17  18  19  20  21		      12  13  14  15  16  17  18		      12  13  14  15  16  17  18		       9  10  11  12  13  14  15
  22  23  24  25  26  27  28		      19  20  21  22  23  24  25		      19  20  21  22  23  24  25		      16  17  18  19  20  21  22
  29  30  31                		      26  27  28                		      26  27  28  29  30  31    		      23  24  25  26  27  28  29
                            		                                		                                		      30                        

              MAY                                         JUNE                                            JULY                                         AUGUST          
   M   T   W   T   F   S   S		       M   T   W   T   F   S   S		       M   T   W   T   F   S   S		       M   T   W   T   F   S   S
       1   2   3   4   5   6		                       1   2   3		                               1		               1   2   3   4   5
   7   8   9  10  11  12  13		       4   5   6   7   8   9  10		       2   3   4   5   6   7   8		       6   7   8   9  10  11  12
  14  15  16  17  18  19  20		      11  12  13  14  15  16  17		       9  10  11  12  13  14  15		      13  14  15  16  17  18  19
  21  22  23  24  25  26  27		      18  19  20  21  22  23  24		      16  17  18  19  20  21  22		      20  21  22  23  24  25  26
  28  29  30  31            		      25  26  27  28  29  30    		      23  24  25  26  27  28  29		      27  28  29  30  31        
                            		                                		      30  31                    		                                

           SEPTEMBER                                    OCTOBER                                         NOVEMBER                                      DECEMBER         
   M   T   W   T   F   S   S		       M   T   W   T   F   S   S		       M   T   W   T   F   S   S		       M   T   W   T   F   S   S
                       1   2		       1   2   3   4   5   6   7		                   1   2   3   4		                           1   2
   3   4   5   6   7   8   9		       8   9  10  11  12  13  14		       5   6   7   8   9  10  11		       3   4   5   6   7   8   9
  10  11  12  13  14  15  16		      15  16  17  18  19  20  21		      12  13  14  15  16  17  18		      10  11  12  13  14  15  16
  17  18  19  20  21  22  23		      22  23  24  25  26  27  28		      19  20  21  22  23  24  25		      17  18  19  20  21  22  23
  24  25  26  27  28  29  30		      29  30  31                		      26  27  28  29  30        		      24  25  26  27  28  29  30
                            		                                		                                		      31                        

Enter a year (1950 - 2100):
2022
			        						YEAR:2022
            JANUARY                                     FEBRUARY                                         MARCH                                          APRIL          
   M   T   W   T   F   S   S		       M   T   W   T   F   S   S		       M   T   W   T   F   S   S		       M   T   W   T   F   S   S
                       1   2		           1   2   3   4   5   6		           1   2   3   4   5   6		                       1   2   3
   3   4   5   6   7   8   9		       7   8   9  10  11  12  13		       7   8   9  10  11  12  13		       4   5   6   7   8   9  10
  10  11  12  13  14  15  16		      14  15  16  17  18  19  20		      14  15  16  17  18  19  20		      11  12  13  14  15  16  17
  17  18  19  20  21  22  23		      21  22  23  24  25  26  27		      21  22  23  24  25  26  27		      18  19  20  21  22  23  24
  24  25  26  27  28  29  30		      28                        		      28  29  30  31            		      25  26  27  28  29  30    
  31                        		                                		                                		                                

              MAY                                         JUNE                                            JULY                                         AUGUST          
   M   T   W   T   F   S   S		       M   T   W   T   F   S   S		       M   T   W   T   F   S   S		       M   T   W   T   F   S   S
                           1		               1   2   3   4   5		                       1   2   3		       1   2   3   4   5   6   7
   2   3   4   5   6   7   8		       6   7   8   9  10  11  12		       4   5   6   7   8   9  10		       8   9  10  11  12  13  14
   9  10  11  12  13  14  15		      13  14  15  16  17  18  19		      11  12  13  14  15  16  17		      15  16  17  18  19  20  21
  16  17  18  19  20  21  22		      20  21  22  23  24  25  26		      18  19  20  21  22  23  24		      22  23  24  25  26  27  28
  23  24  25  26  27  28  29		      27  28  29  30            		      25  26  27  28  29  30  31		      29  30  31                
  30  31                    		                                		                                		                                

           SEPTEMBER                                    OCTOBER                                         NOVEMBER                                      DECEMBER         
   M   T   W   T   F   S   S		       M   T   W   T   F   S   S		       M   T   W   T   F   S   S		       M   T   W   T   F   S   S
               1   2   3   4		                           1   2		           1   2   3   4   5   6		                   1   2   3   4
   5   6   7   8   9  10  11		       3   4   5   6   7   8   9		       7   8   9  10  11  12  13		       5   6   7   8   9  10  11
  12  13  14  15  16  17  18		      10  11  12  13  14  15  16		      14  15  16  17  18  19  20		      12  13  14  15  16  17  18
  19  20  21  22  23  24  25		      17  18  19  20  21  22  23		      21  22  23  24  25  26  27		      19  20  21  22  23  24  25
  26  27  28  29  30        		      24  25  26  27  28  29  30		      28  29  30                		      26  27  28  29  30  31    
                            		      31                        		                                		                                

